12
13
21
22
26
28
37
41
55
72
83
109
115
124
129
136
141
165
166
178
189
193
195
198
201
208
210
229
239
241
243
283
290
309
314
329
332
335
364
372
374
383
385
389
395
400
410
430
433
446
452
454
455
461
476
500
515
530
533
546
551
559
563
570
582
590
610
616
625
640
652
672
686
691
696
731
743
769
807
812
815
834
840
847
849
868
873
889
903
908
915
947
953
981
983
993
1010
1036
1047
1072
1076
1081
1102
1108
1124
1142
1151
1159
1162
1184
1194
1237
1269
1283
1291
1312
1346
1363
1367
1380
1388
1438
1464
1465
1467
1480
1492
1493
1501
1504
1510
1522
1546
1554
1564
1600
1610
1614
1621
1624
1628
1634
1652
1684
1714
1720
1721
1726
1788
1809
1827
1832
1876
1886
1893
1912
1916
1931
1937
1951
1959
1960
1972
1977
1988
2004
2014
2015
2019
2022
2038
2040
2054
2071
2077
2093
2132
2146
2147
2150
2185
2200
2212
2218
2264
2269
2270
2281
2293
2302
2314
2369
2372
2414
2461
2483
2503
2525
2548
2557
2596
2607
2615
2640
2671
2672
2681
2696
2708
2710
2724
2748
2755
2757
2776
2779
2791
2795
2809
2848
2861
2883
2890
2900
2904
2905
2913
2944
2945
2971
3003
3008
3024
3059
3078
3084
3107
3119
3131
3134
3150
3154
3165
3184
3188
3190
3204
3235
3237
3239
3242
3269
3270
3280
3300
3309
3329
3330
3376
3390
3400
3405
3420
3428
3448
3455
3468
3474
3477
3483
3498
3502
3519
3524
3525
3540
3551
3557
3624
3656
3697
3716
3721
3740
3757
3764
3819
3820
3841
3858
3871
3888
3911
3920
3939
3951
3965
3997
4011
4023
4028
4062
4064
4075
4104
4117
4125
4132
4138
4187
4190
4224
4235
4259
4260
4276
4310
4318
4329
4331
4335
4347
4348
4361
4394
4395
4422
4434
4442
4463
4504
4547
4561
4562
4578
4580
4589
4590
4591
4596
4612
4625
4640
4648
4653
4669
4687
4724
4743
4763
4765
4775
4790
4802
4807
4840
4841
4851
4895
4901
4917
4919
4930
4939
4953
4958
4964
4965
4973
4994
5036
5063
5065
5068
5131
5159
5166
5209
5211
5243
5249
5257
5268
5277
5283
5286
5303
5305
5321
5344
5364
5378
5485
5518
5532
5547
5553
5611
5635
5678
5733
5740
5745
5760
5772
5786
5790
5800
5813
5823
5853
5892
5893
5897
5955
5986
5993
5997
6009
6019
6026
6043
6052
6057
6071
6074
6079
6108
6132
6142
6144
6165
6175
6179
6200
6222
6248
6250
6262
6276
6278
6281
6292
6303
6373
6388
6394
6419
6444
6447
6455
6475
6476
6481
6498
6508
6543
6552
6618
6635
6651
6685
6695
6701
6711
6719
6749
6780
6789
6810
6820
6827
6834
6845
6870
6874
6889
6895
6922
6925
6928
6941
6950
6979
7004
7018
7071
7095
7099
7114
7133
7134
7152
7153
7229
7247
7283
7320
7329
7373
7432
7439
7441
7446
7454
7470
7477
7490
7492
7493
7508
7541
7586
7603
7626
7627
7639
7650
7656
7689
7715
7746
7750
7772
7782
7793
7794
7800
7808
7823
7836
7840
7859
7881
7897
7907
7911
7921
7968
7998
8014
8023
8032
8039
8052
8091
8097
8113
8134
8145
8189
8216
8223
8232
8244
8247
8260
8263
8269
8282
8285
8307
8309
8324
8331
8351
8414
8415
8443
8445
8451
8468
8494
8495
8497
8513
8521
8534
8537
8550
8560
8579
8583
8599
8606
8622
8632
8648
8663
8684
8692
8707
8714
8716
8741
8756
8772
8784
8789
8793
8800
8812
8816
8829
8885
8887
8889
8890
8918
8924
8926
8938
8957
8970
8972
8976
8999
9000
9006
9007
9022
9037
9043
9046
9063
9065
9066
9083
9100
9125
9134
9147
9181
9209
9220
9221
9255
9267
9269
9274
9297
9308
9309
9321
9322
9335
9351
9401
9418
9466
9468
9474
9484
9512
9525
9541
9558
9571
9581
9584
9592
9628
9661
9667
9676
9708
9721
9733
9746
9764
9778
9792
9793
9799
9807
9830
9834
9849
9864
9879
9898
9901
9917
9922
9924
9944
9951
9957
9961
9991
10002
10010
10023
10029
10033
10053
10056
10066
10086
10091
10103
10116
10118
10126
10128
10146
10184
10193
10216
10227
10239
10241
10251
10255
10266
10267
10301
10334
10335
10349
10358
10364
10388
10405
10408
10409
10413
10453
10457
10481
10487
10493
10512
10514
10532
10560
10567
10569
10576
10594
10603
10607
10630
10635
10666
10667
10678
10679
10687
10730
10736
10753
10827
10831
10842
10860
10876
10897
10913
10914
10919
10934
10947
10948
10954
10966
10971
10974
10993
11001
11044
11045
11059
11077
11105
11117
11133
11178
11182
11192
11203
11207
11219
11226
11240
11249
11255
11289
11296
11301
11306
11322
11327
11364
11366
11377
11393
11396
11398
11404
11427
11444
11450
11456
11457
11488
11502
11508
11567
11614
11621
11629
11631
11641
11674
11677
11688
11690
11699
11704
11716
11753
11758
11774
11781
11828
11845
11885
11923
11932
11934
11974
11978
12009
12045
12056
12068
12072
12085
12092
12100
12109
12118
12119
12136
12137
12144
12169
12190
12200
12211
12224
12226
12236
12260
12266
12279
12284
12303
12334
12342
12352
12366
12370
12377
12383
12394
12432
12438
12461
12462
12463
12469
12472
12473
12483
12489
12530
12549
12566
12569
12579
12601
12621
12638
12652
12657
12676
12688
12717
12732
12742
12746
12763
12765
12767
12782
12804
12810
12814
12861
12865
12871
12894
12906
12923
12943
12949
12966
12969
12973
12990
12992
13005
13008
13017
13027
13032
13038
13074
13107
13130
13133
13176
13205
13224
13230
13233
13240
13251
13278
13303
13305
13322
13337
13342
13346
13356
13371
13400
13413
13414
13428
13436
13480
13486
13506
13555
13581
13614
13616
13648
13660
13684
13733
13742
13768
13774
13817
13839
13843
13844
13851
13882
13897
13901
13909
13934
13942
13989
13995
14001
14024
14051
14054
14058
14062
14093
14133
14151
14177
14186
14206
14212
14235
14238
14251
14257
14266
14267
14273
14278
14283
14311
14314
14338
14356
14358
14371
14384
14404
14450
14486
14499
14514
14527
14529
14530
14568
14587
14624
14629
14667
14690
14714
14735
14737
14739
14752
14763
14799
14801
14803
14842
14858
14877
14892
14918
14992
14995
15003
15005
15016
15041
15058
15063
15068
15075
15087
15094
15106
15107
15115
15127
15141
15151
15159
15178
15180
15181
15188
15209
15219
15220
15251
15265
15284
15309
15316
15322
15333
15336
15354
15396
15438
15440
15444
15447
15460
15478
15479
15493
15496
15519
15569
15592
15611
15612
15664
15673
15685
15687
15703
15717
15727
15731
15751
15759
15767
15781
15804
15805
15830
15832
15841
15872
15893
15902
15951
15957
16024
16074
16095
16105
16107
16121
16134
16141
16145
16163
16183
16216
16243
16257
16261
16265
16292
16310
16335
16342
16360
16393
16399
16403
16416
16427
16434
16460
16468
16471
16474
16487
16491
16494
16495
16522
16526
16532
16554
16578
16584
16587
16600
16611
16632
16651
16666
16668
16672
16684
16721
16743
16752
16764
16779
16783
16786
16795
16817
16845
16846
16848
16858
16888
16892
16901
16913
16946
16953
16977
16991
16992
16994
17006
17020
17023
17031
17032
17100
17103
17115
17138
17152
17189
17202
17205
17209
17212
17216
17250
17295
17323
17325
17341
17344
17371
17395
17425
17466
17468
17472
17483
17486
17501
17511
17516
17523
17532
17545
17560
17565
17578
17610
17614
17615
17617
17634
17653
17662
17697
17771
17774
17792
17811
17817
17819
17826
17872
17886
17893
17937
17946
17953
17960
17979
18002
18034
18041
18042
18060
18074
18084
18089
18094
18140
18163
18203
18268
18298
18313
18336
18374
18375
18404
18410
18421
18423
18433
18440
18454
18460
18483
18496
18514
18522
18547
18553
18558
18588
18597
18609
18636
18677
18698
18716
18747
18748
18764
18772
18774
18787
18794
18799
18813
18817
18847
18893
18903
18922
18928
18938
18964
18982
18987
19041
19066
19070
19116
19119
19127
19148
19170
19174
19180
19210
19218
19219
19240
19243
19258
19264
19269
19282
19285
19303
19308
19309
19337
19339
19348
19388
19390
19410
19420
19435
19471
19478
19490
19496
19521
19530
19547
19552
19574
19577
19607
19633
19635
19649
19652
19684
19692
19729
19732
19740
19745
19747
19760
19768
19772
19775
19802
19809
19829
19840
19857
19932
19946
19957
19999
20020
20025
20045
20057
20071
20080
20082
20089
20112
20113
20172
20176
20181
20192
20225
20246
20275
20281
20330
20346
20355
20362
20374
20386
20391
20408
20438
20442
20454
20471
20493
20497
20511
20516
20549
20551
20580
20590
20604
20609
20634
20646
20650
20683
20688
20696
20702
20730
20740
20764
20773
20777
20782
20784
20827
20831
20838
20856
20863
20867
20891
20929
20946
20956
20960
20963
20996
21024
21031
21071
21087
21090
21110
21114
21121
21142
21152
21168
21171
21200
21232
21238
21245
21247
21257
21258
21267
21287
21290
21314
21358
21361
21367
21370
21375
21397
21401
21470
21471
21492
21512
21513
21527
21555
21562
21565
21578
21589
21599
21616
21651
21665
21703
21709
21717
21742
21745
21765
21781
21796
21854
21881
21890
21899
21903
21911
21939
21959
21961
22007
22009
22012
22013
22014
22015
22039
22050
22062
22075
22080
22087
22111
22120
22122
22138
22154
22189
22211
22232
22247
22266
22281
22302
22309
22320
22327
22369
22398
22410
22459
22462
22465
22473
22477
22530
22549
22553
22579
22624
22635
22658
22659
22673
22676
22707
22719
22722
22767
22799
22811
22830
22838
22860
22885
22891
22897
22907
22923
22927
22941
22975
22984
22990
23004
23019
23026
23032
23092
23107
23113
23143
23153
23175
23193
23197
23202
23229
23254
23268
23269
23277
23278
23297
23334
23349
23354
23361
23368
23394
23409
23415
23426
23427
23430
23443
23477
23487
23502
23547
23561
23571
23593
23679
23690
23692
23710
23713
23717
23747
23748
23759
23770
23788
23834
23848
23849
23857
23859
23891
23898
23911
23940
23960
23975
24034
24076
24081
24082
24083
24136
24144
24181
24265
24270
24280
24318
24350
24361
24392
24424
24448
24453
24481
24490
24503
24506
24524
24550
24552
24556
24570
24573
24585
24608
24622
24688
24693
24711
24719
24733
24754
24824
24836
24845
24864
24891
24960
24967
24970
25020
25100
25122
25132
25161
25263
25275
25282
25307
25313
25323
25332
25337
25344
25354
25374
25375
25386
25389
25439
25443
25470
25472
25473
25491
25499
25513
25534
25535
25592
25603
25610
25655
25664
25687
25691
25707
25723
25734
25758
25774
25778
25782
25794
25862
25866
25878
25901
25911
25922
25956
25968
25977
26001
26025
26031
26081
26083
26086
26098
26117
26119
26137
26175
26212
26220
26243
26248
26256
26267
26268
26272
26306
26342
26385
26392
26411
26434
26439
26446
26461
26491
26497
26498
26505
26520
26537
26549
26551
26640
26665
26680
26715
26776
26797
26815
26821
26823
26832
26839
26860
26861
26892
26897
26919
26942
26978
26979
27059
27071
27076
27107
27133
27134
27144
27163
27164
27181
27197
27233
27244
27258
27271
27284
27305
27316
27367
27375
27401
27406
27424
27454
27490
27494
27531
27572
27579
27586
27592
27606
27634
27657
27658
27681
27693
27716
27729
27785
27793
27805
27851
27884
27896
27901
27912
27944
27960
27971
27990
28000
28008
28025
28028
28054
28063
28104
28113
28143
28147
28157
28237
28248
28250
28265
28280
28282
28361
28394
28415
28421
28438
28453
28459
28463
28485
28486
28519
28532
28553
28615
28647
28649
28656
28683
28707
28764
28788
28826
28850
28878
28907
28945
28947
28980
28997
28999
29073
29087
29090
29095
29100
29104
29118
29173
29175
29197
29219
29300
29302
29323
29333
29334
29373
29409
29417
29419
29424
29427
29429
29434
29442
29475
29490
29494
29499
29508
29528
29534
29562
29624
29635
29638
29644
29676
29700
29734
29749
29750
29759
29766
29813
29835
29866
29869
29949
29970
29978
29982
30026
30031
30035
30064
30072
30081
30113
30130
30140
30144
30238
30302
30307
30328
30353
30392
30402
30425
30480
30487
30549
30557
30572
30581
30619
30643
30655
30659
30661
30662
30715
30723
30788
30818
30828
30864
30868
30874
30904
30910
30911
30925
30972
30989
31004
31007
31009
31035
31058
31109
31113
31147
31172
31198
31222
31223
31237
31248
31337
31372
31376
31391
31406
31414
31426
31464
31499
31502
31553
31554
31571
31580
31603
31629
31631
31635
31650
31681
31690
31782
31786
31789
31796
31797
31810
31811
31814
31842
31846
31849
31865
31868
31893
31897
31904
31905
31912
31932
31982
32011
32069
32070
32071
32116
32117
32126
32133
32145
32149
32169
32226
32268
32269
32315
32316
32318
32393
32412
32442
32444
32477
32533
32554
32559
32570
32624
32641
32652
32666
32690
32705
32730
32734
32757
32765
32766
32797
32824
32847
32854
32875
32880
32889
32891
32892
32912
32923
32964
32966
32986
33002
33021
33058
33084
33088
33095
33096
33103
33158
33162
33176
33199
33205
33250
33265
33282
33294
33348
33366
33401
33405
33460
33477
33478
33489
33522
33539
33582
33597
33614
33622
33629
33675
33687
33717
33784
33807
33817
33833
33842
33861
33877
33896
33931
33945
33964
33995
34007
34010
34044
34052
34055
34059
34066
34088
34099
34145
34180
34186
34228
34229
34232
34237
34240
34252
34264
34266
34281
34314
34316
34332
34390
34424
34433
34446
34452
34469
34478
34510
34511
34521
34561
34592
34640
34651
34658
34674
34702
34704
34724
34754
34763
34782
34799
34806
34811
34832
34843
34848
34861
34874
34909
34934
34938
34944
34982
34989
35021
35039
35060
35087
35121
35139
35156
35180
35191
35223
35246
35260
35320
35334
35337
35339
35360
35382
35408
35428
35455
35469
35472
35479
35524
35584
35594
35612
35664
35669
35680
35736
35746
35748
35778
35788
35793
35838
35860
35868
35912
35925
35927
35956
35970
35977
36050
36085
36175
36178
36183
36218
36222
36296
36326
36348
36379
36392
36403
36405
36410
36420
36443
36444
36466
36486
36539
36549
36592
36604
36642
36665
36693
36697
36714
36734
36735
36758
36762
36771
36777
36791
36795
36797
36821
36822
36887
36897
36903
36938
36965
36976
36987
36988
36995
37034
37052
37097
37111
37115
37119
37182
37188
37214
37223
37231
37258
37272
37278
37298
37329
37349
37356
37370
37392
37423
37438
37449
37502
37518
37551
37563
37602
37647
37651
37677
37721
37726
37740
37749
37777
37778
37792
37800
37808
37875
37877
37880
37896
37902
37926
37933
37944
37972
37989
38007
38026
38047
38054
38066
38080
38089
38105
38126
38161
38188
38193
38195
38219
38238
38294
38307
38324
38344
38347
38359
38376
38382
38399
38437
38487
38570
38657
38659
38666
38680
38724
38738
38751
38752
38763
38767
38813
38824
38825
38864
38890
38911
38966
38973
39002
39042
39056
39061
39096
39148
39207
39210
39224
39292
39326
39343
39366
39376
39408
39429
39452
39460
39508
39510
39540
39561
39563
39578
39604
39626
39645
39657
39686
39692
39714
39818
39828
39848
39862
39882
39907
39914
39923
39941
39973
39990
40062
40082
40100
40120
40125
40144
40145
40161
40195
40207
40241
40268
40282
40309
40334
40351
40399
40453
40463
40507
40518
40539
40553
40555
40593
40602
40618
40632
40686
40713
40770
40796
40821
40849
40887
40920
40939
40945
40962
40997
41005
41011
41086
41118
41127
41141
41150
41174
41183
41211
41212
41214
41217
41253
41296
41305
41310
41386
41389
41390
41427
41525
41535
41543
41598
41604
41616
41666
41689
41784
41816
41839
41844
41867
41883
41913
41922
41934
41939
41958
41972
41978
41979
42010
42016
42022
42040
42104
42119
42127
42139
42153
42176
42186
42215
42234
42235
42272
42276
42310
42344
42391
42439
42463
42466
42510
42516
42548
42590
42624
42629
42647
42652
42653
42707
42726
42744
42780
42808
42809
42836
42853
42900
42923
42928
42966
43002
43069
43095
43124
43131
43147
43175
43209
43237
43249
43269
43305
43313
43346
43377
43382
43400
43408
43434
43446
43464
43466
43474
43478
43489
43514
43569
43581
43586
43594
43611
43614
43625
43631
43665
43681
43711
43721
43726
43743
43754
43768
43769
43849
43861
43918
43923
43924
43965
43979
43996
44015
44051
44053
44065
44102
44109
44125
44183
44207
44208
44219
44265
44269
44296
44358
44408
44445
44457
44507
44512
44561
44692
44705
44737
44774
44823
44845
44859
44861
44877
44901
44961
45004
45020
45021
45089
45098
45116
45150
45154
45212
45219
45237
45257
45266
45273
45308
45324
45331
45343
45347
45351
45378
45429
45460
45472
45477
45487
45505
45527
45558
45574
45577
45586
45626
45653
45660
45671
45687
45756
45784
45831
45832
45841
45844
45863
45928
45936
45950
46019
46022
46068
46087
46138
46176
46207
46247
46252
46258
46305
46343
46485
46495
46502
46505
46524
46541
46577
46586
46597
46684
46701
46748
46770
46785
46787
46856
46866
46874
46900
46907
46936
46970
46986
46998
47015
47042
47082
47134
47135
47168
47172
47176
47185
47271
47278
47332
47342
47369
47384
47390
47396
47399
47442
47447
47458
47509
47533
47534
47585
47596
47620
47636
47641
47682
47702
47779
47806
47852
47885
47901
47905
47923
47950
47954
47981
48045
48047
48067
48103
48116
48182
48201
48215
48222
48229
48231
48239
48305
48356
48403
48453
48477
48489
48498
48505
48532
48589
48591
48597
48607
48638
48642
48679
48683
48690
48693
48694
48718
48759
48764
48839
48849
48865
48880
48888
48899
48908
48910
48912
48917
48928
48951
48966
48968
48970
49008
49015
49027
49071
49131
49134
49170
49173
49175
49192
49259
49315
49357
49365
49388
49400
49415
49426
49486
49548
49551
49633
49638
49695
49724
49731
49759
49771
49775
49794
49799
49831
49848
49866
49913
49915
49916
49946
50033
50049
50090
50132
50183
50221
50245
50253
50258
50300
50302
50305
50360
50382
50441
50479
50519
50580
50581
50591
50632
50798
50800
50806
50872
50876
50888
50952
50992
50997
51008
51054
51091
51095
51163
51169
51187
51205
51259
51294
51301
51353
51386
51415
51422
51494
51499
51530
51534
51572
51588
51604
51615
51654
51685
51698
51703
51727
51759
51761
51766
51802
51835
51842
51863
51887
51900
51905
51978
52023
52032
52081
52099
52105
52107
52126
52145
52169
52197
52224
52241
52246
52286
52299
52318
52393
52396
52397
52404
52406
52417
52419
52457
52467
52493
52509
52535
52576
52587
52642
52656
52667
52688
52692
52718
52726
52734
52744
52803
52874
52892
52897
52913
52985
52996
53014
53028
53048
53126
53134
53138
53217
53256
53262
53274
53316
53320
53384
53385
53387
53388
53419
53431
53440
53454
53465
53467
53496
53511
53515
53527
53530
53537
53583
53597
53601
53641
53655
53673
53700
53711
53712
53724
53741
53753
53758
53816
53841
53855
53876
53923
53937
53955
53971
53990
53999
54018
54033
54093
54109
54122
54128
54130
54146
54153
54161
54175
54186
54197
54213
54221
54232
54239
54252
54255
54268
54315
54330
54333
54342
54343
54356
54371
54399
54402
54412
54434
54502
54513
54550
54556
54612
54632
54650
54667
54677
54720
54731
54759
54775
54806
54820
54876
54877
54907
54923
54964
54991
55027
55074
55085
55097
55139
55162
55241
55244
55260
55262
55294
55300
55323
55332
55333
55334
55350
55392
55397
55404
55408
55435
55442
55447
55454
55455
55458
55480
55481
55555
55575
55585
55620
55649
55663
55681
55685
55693
55699
55718
55742
55746
55769
55787
55802
55807
55858
55864
55878
55913
55918
55931
55933
55949
55953
55988
56004
56011
56034
56062
56064
56077
56078
56092
56112
56163
56186
56190
56207
56250
56255
56265
56289
56297
56304
56328
56338
56394
56435
56464
56513
56524
56534
56547
56563
56571
56579
56593
56603
56632
56677
56693
56753
56836
56865
56884
56891
56912
56930
56932
56938
56939
56947
56955
57025
57027
57031
57038
57057
57062
57072
57109
57118
57129
57132
57166
57192
57197
57225
57230
57235
57304
57351
57395
57437
57454
57465
57469
57475
57508
57515
57520
57529
57543
57559
57586
57597
57630
57653
57654
57657
57667
57692
57711
57739
57741
57766
57769
57801
57802
57808
57819
57890
57902
57904
57908
57965
57997
58000
58004
58040
58047
58091
58094
58100
58129
58148
58159
58162
58186
58188
58203
58249
58267
58276
58283
58329
58330
58339
58378
58414
58455
58495
58497
58543
58554
58589
58591
58601
58622
58633
58656
58685
58690
58696
58721
58732
58782
58794
58812
58815
58838
58856
58870
58883
58936
58947
58966
58988
59049
59054
59079
59101
59104
59106
59149
59155
59157
59182
59213
59232
59243
59262
59282
59290
59291
59314
59316
59317
59319
59357
59385
59405
59470
59479
59498
59515
59520
59563
59580
59593
59605
59645
59671
59738
59741
59756
59837
59859
59884
59918
59939
59978
60000
60062
60075
60090
60108
60113
60160
60195
60201
60288
60308
60322
60341
60355
60371
60375
60387
60416
60430
60441
60447
60478
60533
60550
60598
60607
60617
60641
60654
60666
60687
60722
60750
60781
60790
60794
60846
60851
60902
60925
60935
60938
60943
60945
60951
60987
61016
61034
61055
61061
61141
61195
61225
61235
61350
61373
61396
61409
61433
61443
61528
61569
61573
61584
61596
61610
61615
61623
61632
61661
61678
61729
61752
61773
61852
61857
61869
61878
61890
61935
61984
61994
61998
62016
62025
62047
62069
62088
62095
62137
62155
62159
62185
62197
62218
62236
62265
62282
62312
62360
62393
62446
62456
62471
62495
62532
62544
62557
62571
62596
62630
62642
62683
62781
62790
62818
62820
62834
62855
62859
62866
62898
62949
62996
63056
63064
63087
63094
63095
63109
63160
63187
63196
63205
63278
63300
63301
63345
63348
63375
63398
63412
63423
63439
63440
63465
63490
63497
63519
63525
63529
63595
63621
63675
63690
63724
63735
63789
63862
63879
63887
63974
64017
64050
64071
64072
64083
64095
64099
64130
64131
64141
64195
64239
64242
64249
64272
64302
64370
64419
64443
64452
64477
64501
64520
64556
64591
64619
64649
64653
64659
64746
64776
64817
64828
64833
64873
64874
64887
64925
64931
64955
64982
65045
65059
65070
65086
65099
65112
65149
65180
65183
65194
65226
65236
65274
65292
65332
65355
65376
65394
65424
65429
65463
65499
65594
65636
65677
65678
65691
65729
65796
65818
65830
65835
65841
65843
65850
65858
65868
65875
65892
65895
65900
65901
65957
65962
65979
65988
66000
66019
66103
66127
66145
66170
66178
66191
66220
66240
66285
66313
66332
66335
66343
66361
66372
66377
66379
66394
66427
66431
66500
66588
66650
66669
66679
66681
66684
66699
66701
66776
66781
66812
66855
66873
66886
66917
66959
66984
67041
67050
67077
67149
67152
67169
67214
67235
67251
67259
67268
67290
67304
67306
67310
67318
67363
67387
67436
67445
67455
67458
67483
67521
67537
67571
67582
67595
67622
67723
67736
67756
67762
67824
67831
67843
67882
67897
67902
67903
67932
67962
68037
68056
68081
68099
68111
68140
68145
68208
68235
68246
68309
68322
68335
68364
68367
68376
68378
68386
68421
68436
68438
68465
68476
68494
68550
68612
68678
68715
68719
68795
68825
68842
68875
68888
68899
68936
68946
68952
69035
69059
69062
69064
69074
69085
69086
69120
69146
69147
69167
69222
69253
69307
69328
69331
69335
69337
69344
69351
69352
69412
69427
69428
69468
69471
69476
69493
69578
69589
69614
69615
69664
69715
69730
69760
69786
69792
69800
69810
69817
69846
69904
69937
69966
69981
70031
70061
70090
70120
70140
70146
70154
70162
70210
70211
70248
70263
70311
70343
70347
70429
70440
70523
70547
70575
70605
70609
70647
70668
70674
70692
70714
70716
70790
70822
70851
70888
70905
70910
70922
70934
70965
70969
71031
71032
71050
71083
71092
71145
71185
71201
71277
71305
71339
71357
71362
71366
71397
71439
71475
71484
71502
71514
71524
71545
71561
71574
71587
71630
71683
71699
71704
71727
71731
71736
71765
71766
71784
71803
71808
71822
71837
71848
71885
71909
71950
71965
71969
72013
72028
72052
72068
72084
72111
72163
72180
72210
72229
72252
72259
72268
72281
72288
72353
72361
72364
72419
72490
72495
72498
72519
72536
72609
72635
72710
72736
72810
72834
72854
72886
72896
72931
72935
73033
73034
73054
73098
73104
73121
73125
73162
73177
73205
73228
73236
73237
73243
73248
73261
73293
73294
73308
73309
73321
73334
73347
73385
73388
73478
73488
73492
73526
73529
73579
73621
73651
73664
73674
73675
73681
73726
73780
73805
73818
73830
73889
73931
73945
73984
74045
74073
74080
74095
74102
74113
74117
74135
74136
74162
74252
74257
74293
74341
74362
74405
74406
74415
74433
74454
74464
74468
74556
74574
74588
74592
74594
74614
74626
74689
74721
74724
74737
74744
74756
74796
74837
74863
74889
74906
74941
74955
75013
75030
75038
75049
75059
75064
75071
75094
75104
75144
75150
75160
75231
75255
75262
75303
75355
75381
75389
75393
75418
75464
75532
75698
75744
75774
75795
75864
75875
75976
76037
76063
76083
76108
76133
76134
76153
76189
76212
76227
76228
76236
76255
76286
76295
76307
76314
76325
76350
76380
76386
76402
76413
76509
76545
76565
76585
76591
76623
76629
76727
76733
76750
76772
76779
76781
76835
76875
76885
76955
77029
77089
77107
77175
77244
77343
77383
77389
77399
77418
77446
77546
77604
77616
77629
77635
77653
77715
77763
77767
77786
77817
77865
77884
77891
77911
77934
77948
77985
78038
78060
78165
78175
78220
78243
78247
78270
78275
78287
78314
78330
78332
78340
78341
78361
78394
78400
78402
78404
78422
78443
78450
78471
78481
78501
78505
78563
78601
78641
78796
78813
78827
78873
78897
78956
78984
78999
79004
79030
79065
79084
79113
79174
79197
79253
79293
79298
79342
79373
79388
79417
79493
79531
79543
79546
79601
79609
79621
79681
79708
79764
79799
79807
79811
79826
79855
79920
79943
79944
79959
79960
80056
80061
80081
80094
80125
80146
80150
80151
80177
80207
80220
80223
80273
80326
80364
80433
80452
80494
80538
80595
80665
80667
80710
80724
80846
80861
80905
80943
80966
81011
81058
81128
81134
81139
81235
81251
81325
81331
81342
81402
81429
81443
81456
81472
81473
81496
81501
81580
81590
81611
81626
81655
81684
81714
81717
81721
81740
81791
81800
81811
81815
81858
81910
81939
81960
81982
81989
81995
81998
82001
82003
82035
82046
82177
82214
82236
82312
82331
82349
82370
82376
82453
82492
82527
82565
82613
82620
82642
82648
82661
82708
82720
82770
82786
82830
82847
82867
82873
82875
82889
83015
83023
83026
83027
83060
83096
83097
83278
83336
83347
83392
83400
83406
83502
83514
83569
83585
83597
83621
83626
83665
83680
83694
83695
83696
83705
83719
83747
83770
83792
83802
83808
83827
83829
83881
83981
83989
84023
84055
84086
84124
84180
84182
84183
84197
84303
84308
84309
84381
84414
84433
84458
84460
84500
84503
84521
84549
84555
84557
84571
84615
84668
84695
84705
84742
84745
84773
84801
84812
84824
84881
84898
84902
84958
84971
84989
85013
85065
85089
85104
85132
85138
85177
85193
85199
85212
85228
85251
85253
85343
85351
85467
85483
85490
85505
85507
85540
85547
85593
85595
85635
85651
85694
85699
85717
85730
85758
85780
85835
85842
85908
85927
85941
85961
85985
85986
86000
86016
86022
86064
86066
86089
86118
86120
86146
86163
86182
86191
86193
86197
86246
86271
86348
86370
86395
86396
86420
86422
86426
86434
86441
86456
86469
86513
86524
86549
86550
86627
86657
86705
86723
86738
86742
86792
86800
86806
86818
86923
86932
86947
87026
87049
87070
87072
87083
87108
87157
87174
87201
87238
87279
87324
87342
87345
87347
87354
87387
87410
87430
87461
87486
87501
87557
87602
87633
87674
87714
87751
87788
87794
87803
87827
87873
87877
87976
87998
88017
88033
88056
88121
88134
88138
88155
88184
88202
88220
88252
88269
88361
88368
88399
88413
88420
88448
88501
88513
88520
88539
88555
88568
88589
88624
88659
88777
88785
88853
88877
88880
88903
88955
88986
88988
88993
89032
89040
89069
89096
89105
89136
89188
89229
89274
89293
89295
89306
89375
89458
89487
89504
89518
89542
89565
89584
89600
89644
89687
89748
89753
89784
89785
89805
89844
89882
89938
89971
89981
89996
90009
90021
90038
90070
90079
90094
90117
90128
90129
90216
90251
90296
90297
90324
90331
90368
90490
90551
90577
90673
90707
90733
90734
90772
90779
90872
90913
90964
90970
90972
90980
91021
91034
91073
91104
91113
91151
91161
91196
91246
91280
91294
91323
91326
91327
91374
91377
91423
91429
91439
91442
91444
91472
91493
91513
91515
91583
91591
91597
91610
91634
91646
91649
91685
91712
91721
91734
91760
91789
91799
91827
91852
91881
91885
91889
91940
91942
91994
92046
92076
92097
92099
92107
92206
92221
92253
92275
92281
92286
92295
92315
92327
92337
92422
92439
92454
92546
92588
92616
92624
92696
92700
92755
92771
92813
92825
92866
92883
92891
92916
92918
92929
92939
92974
93016
93178
93239
93257
93262
93265
93282
93310
93330
93369
93434
93435
93516
93522
93544
93562
93584
93603
93610
93621
93638
93668
93710
93716
93771
93828
93871
93887
93894
93935
93942
93969
94014
94017
94038
94066
94194
94226
94239
94254
94267
94303
94331
94365
94383
94387
94404
94479
94537
94543
94551
94620
94625
94682
94737
94785
94838
94948
95025
95120
95125
95207
95252
95316
95371
95385
95408
95477
95503
95536
95579
95632
95692
95701
95726
95742
95743
95790
95794
95795
95867
95889
95939
95954
95974
95982
95993
96078
96125
96137
96158
96191
96219
96222
96285
96324
96378
96452
96493
96584
96620
96642
96701
96705
96711
96720
96726
96743
96777
96809
96887
96914
96932
97041
97077
97092
97097
97131
97138
97168
97174
97207
97286
97304
97307
97412
97449
97464
97523
97589
97628
97654
97682
97733
97769
97820
97876
97893
97909
97927
97939
97976
97984
98007
98013
98043
98107
98111
98283
98366
98405
98418
98474
98513
98549
98566
98587
98591
98593
98600
98674
98749
98812
98821
98833
98881
98883
98892
98913
98955
98997
99018
99028
99107
99111
99119
99124
99157
99169
99200
99206
99227
99230
99256
99271
99292
99361
99473
99505
99547
99613
99637
99643
99713
99729
99791
99813
99831
99893
99914
99924
99941
99959
100033
100042
100049
100085
100098
100155
100157
100158
100173
100217
100218
100245
100272
100281
100323
100349
100436
100493
100565
100591
100596
100599
100618
100620
100701
100756
100943
101011
101018
101031
101043
101057
101077
101098
101148
101176
101270
101276
101314
101322
101360
101395
101420
101452
101464
101492
101503
101526
101531
101578
101587
101700
101725
101746
101776
101801
101888
101893
101906
101982
101984
101996
102109
102111
102116
102164
102222
102253
102258
102313
102374
102376
102384
102386
102406
102506
102540
102546
102559
102573
102587
102685
102725
102751
102763
102810
102829
102854
102879
102917
102932
102964
102974
103018
103041
103049
103055
103098
103115
103128
103129
103132
103141
103175
103301
103313
103395
103492
103540
103545
103565
103584
103651
103676
103686
103687
103695
103711
103728
103736
103751
103759
103837
103860
103882
103892
103911
103916
103973
104031
104043
104061
104126
104152
104162
104172
104187
104201
104212
104223
104277
104291
104300
104308
104322
104350
104362
104368
104380
104386
104413
104422
104450
104451
104513
104536
104642
104646
104678
104699
104718
104750
104759
104776
104803
104832
104873
104885
104895
104905
104913
104919
104948
104974
104995
105006
105021
105040
105048
105234
105236
105269
105339
105370
105371
105383
105438
105457
105515
105572
105577
105603
105616
105624
105639
105687
105720
105753
105755
105756
105769
105781
105835
105868
105878
105883
105904
105931
105951
105971
106014
106150
106237
106259
106330
106335
106360
106366
106452
106498
106521
106543
106560
106568
106585
106589
106590
106642
106694
106705
106719
106721
106756
106767
106838
106876
106909
106945
107043
107069
107107
107153
107163
107168
107182
107192
107230
107287
107298
107301
107327
107369
107385
107389
107417
107424
107434
107458
107540
107551
107572
107637
107679
107716
107730
107742
107825
107845
107863
107874
107933
107945
108033
108123
108170
108192
108216
108255
108301
108331
108357
108402
108409
108505
108560
108598
108783
108792
108797
108842
108848
108860
108886
108890
108912
108930
108945
109009
109027
109042
109044
109048
109071
109160
109261
109334
109372
109389
109461
109474
109515
109528
109567
109577
109582
109613
109679
109813
109889
109957
109962
110062
110211
110239
110250
110273
110293
110327
110337
110345
110407
110427
110444
110534
110646
110654
110702
110709
110722
110797
110808
110871
110872
110877
110922
110962
110966
110987
111059
111066
111097
111127
111176
111310
111312
111327
111379
111383
111404
111450
111480
111510
111514
111519
111566
111576
111581
111603
111648
111670
111694
111731
111765
111794
111830
111943
111950
111980
112007
112024
112079
112127
112137
112154
112218
112231
112239
112269
112320
112329
112337
112357
112362
112397
112412
112417
112426
112443
112481
112538
112564
112575
112581
112593
112619
112627
112651
112657
112677
112679
112715
112733
112735
112751
112764
113811
113840
113842
113961
113968
113989
114034
114040
114055
114205
114234
114241
114243
114245
114251
114344
114458
114512
114528
114540
114555
114590
114591
114607
114640
114715
114738
114745
114886
114909
114943
115001
115030
115061
115091
115138
115145
115216
115231
115281
115416
115442
115446
115449
115526
115549
115657
115695
115727
115749
115823
115825
115838
115839
115866
115908
116042
116082
116101
116139
116200
116209
116269
116304
116312
116313
116328
116336
116344
116362
116395
116430
116445
116467
116476
116548
116649
116671
116730
116749
116756
116847
116896
116924
117009
117036
117090
117104
117151
117169
117191
117213
117267
117332
117337
117368
117460
117513
117517
117579
117608
117609
117622
117662
117684
117719
117735
117786
117878
117891
117915
117933
117939
117971
118008
118037
118101
118117
118138
118183
118185
118246
118336
118362
118376
118396
118444
118469
118479
118481
118494
118536
118540
118579
118626
118686
118688
118842
118903
118930
118939
118988
119010
119050
119067
119118
119150
119254
119256
119326
119329
119354
119377
119392
119402
119460
119475
119481
119495
119627
119641
119646
119665
119699
119732
119803
119867
119913
119940
119981
120016
120055
120067
120090
120126
120150
120163
120286
120291
120335
120338
120351
120421
120442
120468
120529
120534
120536
120565
120568
120694
120697
120738
120808
120819
120872
120879
120909
120918
120984
121031
121052
121060
121137
121168
121247
121266
121297
121306
121340
121364
121371
121376
121379
121393
121406
121462
121468
121493
121527
121568
121571
121602
121701
121715
121735
121746
121774
121783
121804
121959
121993
121996
122006
122014
122070
122072
122083
122106
122118
122121
122125
122182
122238
122394
122411
122438
122462
122468
122532
122566
122596
122658
122725
122748
122765
122871
122891
122901
122952
122953
123009
123068
123102
123135
123141
123239
123278
123306
123310
123331
123337
123372
123392
123444
123460
123486
123493
123500
123513
123619
123633
123677
123681
123731
123739
123744
123760
123813
123860
123894
124011
124025
124032
124119
124186
124265
124297
124308
124474
124484
124555
124633
124702
124706
124708
124720
124726
124753
124779
124789
124805
124821
124839
124899
124965
124998
125095
125125
125200
125333
125637
125640
125693
125740
125773
125817
125840
125861
125878
125914
125929
125945
125960
125965
126016
126038
126060
126106
126128
126158
126191
126352
126395
126464
126474
126489
126513
126519
126609
126627
126780
126829
126851
126881
126923
126966
127030
127035
127108
127128
127139
127250
127284
127319
127322
127372
127423
127447
127576
127633
127657
127717
127719
127730
127765
127769
127773
127779
127800
127809
127829
127841
127867
127918
127949
128003
128088
128176
128233
128318
128344
128412
128439
128513
128519
128564
128569
128607
128618
128676
128681
128741
128773
128780
128786
128831
128853
128897
128940
128946
128976
129050
129075
129143
129148
129166
129227
129264
129265
129321
129350
129364
129447
129452
129498
129509
129575
129613
129704
129706
129741
129745
129752
129758
129792
129857
129896
129912
129955
129970
129992
130062
130078
130081
130287
130319
130355
130395
130400
130470
130489
130543
130545
130549
130607
130654
130660
130778
130932
130960
130988
131051
131062
131111
131145
131185
131221
131223
131265
131318
131407
131420
131422
131488
131511
131520
131527
131528
131538
131543
131577
131583
131632
131658
131670
131683
131719
131746
131758
131830
131881
131906
131933
131978
131985
132011
132112
132116
132134
132175
132237
132244
132247
132251
132266
132268
132297
132339
132359
132407
132446
132452
132475
132536
132551
132618
132636
132648
132761
132838
132839
132879
132897
132927
132943
132966
132982
133005
133026
133028
133051
133057
133059
133211
133315
133342
133375
133410
133436
133445
133460
133461
133497
133567
133572
133636
133659
133730
133732
133750
133758
133803
133847
133869
133878
133974
134057
134148
134205
134295
134304
134405
134518
134523
134581
134603
134650
134756
134902
135120
135132
135189
135198
135218
135272
135417
135462
135593
135641
135717
135749
135765
135782
135806
135820
135949
136020
136021
136025
136049
136195
136215
136233
136251
136277
136314
136325
136451
136483
136550
136554
136590
136636
136681
136796
136798
136805
136826
136867
136880
136948
137059
137114
137135
137152
137227
137230
137482
137609
137612
137643
137655
137757
137770
137774
137782
137816
137848
137950
137957
138061
138081
138114
138148
138218
138257
138275
138310
138321
138345
138348
138456
138469
138535
138539
138547
138693
138694
138791
138875
138959
139009
139093
139125
139140
139245
139268
139277
139319
139368
139388
139412
139421
139432
139515
139540
139575
139668
139737
139738
139790
139804
139810
139824
139835
139910
139933
139978
139992
140093
140120
140200
140264
140306
140327
140373
140374
140459
140579
140628
140637
140655
140681
140703
140731
140768
140807
140816
140859
140872
140942
140954
140969
141100
141157
141173
141184
141234
141236
141241
141251
141284
141287
141489
141501
141530
141559
141590
141620
141689
141764
141838
141845
141979
142008
142086
142205
142220
142234
142243
142371
142415
142434
142454
142527
142548
142580
142587
142588
142808
142841
142937
142938
142949
143031
143070
143129
143179
143191
143203
143287
143334
143359
143375
143444
143569
143599
143649
143738
143822
143888
143937
143947
144246
144328
144392
144498
144505
144529
144533
144619
144689
144727
144763
144773
144785
144794
144860
144880
144920
144996
145026
145077
145096
145097
145150
145174
145275
145284
145412
145428
145434
145490
145615
145638
145717
145770
145862
145877
145880
145957
145989
146000
146101
146156
146246
146258
146273
146294
146307
146397
146463
146500
146628
146653
146670
146679
146733
146747
146769
146813
146908
146914
147016
147032
147048
147057
147086
147088
147110
147112
147217
147270
147329
147395
148437
148517
148549
148561
148574
148575
148626
148731
148758
148834
148888
148935
148963
148980
149007
149027
149099
149115
149149
149219
149272
149311
149336
149391
149394
149423
149492
149511
149524
149559
149656
149702
149737
149746
149790
149844
149952
149954
149987
150009
150052
150087
150088
150104
150133
150157
150168
150247
150259
150305
150307
150335
150344
150428
150437
150468
150473
150478
150498
150574
150586
150606
150835
150969
151011
151017
151083
151132
151159
151221
151261
151357
151418
151430
151439
151475
151617
151649
151706
151718
151731
151758
151869
151916
152081
152090
152131
152135
152279
152442
152565
152605
152823
152834
152877
152953
153041
153064
153111
153150
153277
153278
153436
153506
153509
153581
153596
153673
153721
153761
153883
153961
153967
154157
154200
154220
154331
154358
154382
154431
154461
154490
154498
154550
154554
154629
154722
154953
154990
155078
155099
155166
155229
155237
155332
155508
155534
155577
155621
155634
155667
155676
155712
155731
155761
155810
155835
155891
155915
156008
156011
156075
156090
156149
156179
156238
156263
156266
156290
156408
156412
156422
156519
156554
156568
156601
156656
156711
156772
156985
157049
157111
157114
157132
157171
157302
157420
157447
157465
157472
157477
157529
157600
157624
157634
157687
157703
157732
157967
157974
157976
158075
158187
158271
158272
158278
158302
158351
158378
158391
158424
158525
158542
158575
158583
158687
158769
158881
158945
158979
159002
159022
159047
159071
159117
159242
159261
159268
159279
159449
159494
159529
159534
159663
159697
159728
159731
159749
159775
159820
159895
159989
160079
160150
160160
160161
160162
160173
160207
160232
160387
160409
160444
160512
160630
160681
160811
160866
160955
160970
160986
161012
161208
161349
161386
161483
161486
161517
161676
161713
161731
161732
161756
161820
161837
161884
161933
161944
161966
162007
162076
162116
162169
162173
162220
162375
162478
162506
162606
162651
162655
162671
162677
162748
162836
162868
162888
162895
162926
163018
163217
163222
163242
163294
163317
163325
163329
163384
163528
163638
163694
163711
163745
163775
163847
163873
163996
164024
164039
164057
164092
164099
164103
164128
164148
164182
164257
164267
164343
164473
164588
164624
164629
164666
164673
164712
164808
164851
164856
164959
164966
164987
165015
165105
165227
165266
165302
165304
165335
165349
165359
165405
165464
165562
165622
165625
165630
165686
165723
165746
165830
165847
165868
165897
165911
166009
166013
166188
166190
166234
166248
166252
166297
167323
167349
167447
167482
167581
167613
167685
167689
167701
167728
167736
167837
167849
167871
167951
167952
167954
168045
168128
168146
168174
168201
168292
168399
168440
168513
168521
168529
168593
168641
168699
168762
168819
168832
168888
169009
169033
169118
169128
169159
169240
170352
171368
171405
171457
171479
171495
171624
171724
171733
171782
171851
171867
171912
171995
172032
172109
172254
172343
172365
172392
172500
172521
172558
172560
172675
172690
172707
172716
172819
172838
172869
172955
172992
173023
173060
173086
173109
173148
173393
173457
173484
173514
173573
173612
173707
175775
175800
175822
175923
175966
176029
176054
176158
176184
176322
176339
176380
176393
176466
176538
176578
176584
176588
176697
176714
176733
176786
176822
176839
176862
176863
177102
177155
177206
177208
177234
177241
177253
177329
177408
177417
177481
177496
177551
177617
177741
177759
177776
177944
177947
178052
178088
178094
178113
178177
178219
178232
178296
178318
178320
178366
178381
178467
178494
178509
178535
178555
178579
178609
178640
178659
178666
178677
178778
178794
178831
178845
178872
179012
179031
179070
179141
179203
179325
179377
179381
179434
179445
179484
179498
179507
179527
179542
179555
179568
179578
179611
179617
179618
179811
179834
179853
179881
179924
180019
180035
180046
180058
180110
180121
180129
180149
180173
180185
180199
180236
180275
180300
180355
180400
180434
180452
180506
180567
180604
180663
180718
180727
180769
180829
180846
180865
180884
180907
180912
181063
181111
181123
181163
181226
181244
181366
181420
181441
181458
181530
181567
181575
181635
181641
181694
181788
181794
181827
181940
181947
182078
182158
182346
182359
182437
182444
182618
182679
182719
182757
182823
182869
182871
183026
184253
184273
184274
184286
184289
184293
184425
184433
184464
184509
184523
184534
184538
184562
184590
184611
184668
184671
184719
184836
185032
185126
185152
185177
185272
185283
185395
185407
185627
185628
185666
185678
185715
185723
185791
185794
185822
185839
185867
185911
185916
185922
185941
185957
185958
185979
186026
186032
186036
186042
186139
186222
186298
186303
186329
186332
186336
186408
186481
186567
186581
186631
186656
186670
186768
186851
186876
186899
186938
187134
187180
187243
187269
187303
187404
187451
187494
187516
187545
187632
187675
187677
187740
187802
187842
187845
187866
187874
187961
187995
188081
188174
188190
188194
188207
188236
188289
188364
188371
188379
188403
188417
188422
188485
188519
188533
188606
188707
188712
188775
188808
188814
188815
188842
188996
189048
189141
189165
189222
189269
189295
189301
189302
189318
189323
189334
190495
190530
190578
190668
190711
190802
190832
190902
190911
190965
191010
191107
191110
191120
191139
191262
191280
191300
191316
191326
191415
191452
191458
191494
191574
191788
191791
191876
191914
192001
192101
192202
192270
192316
193400
193446
193491
193498
193510
193522
193560
193664
193837
193894
193914
194001
194047
194107
194183
194267
194290
194296
194315
194389
194454
194486
194497
194523
194570
194648
194681
194724
194747
194782
194788
194796
194825
194832
194911
194965
195018
195232
195248
195325
195328
195464
195476
195524
195528
195592
195689
195739
195755
195770
195813
195907
196033
196034
196048
196058
196084
196162
196192
196212
196224
196371
196410
196492
196546
196576
196625
196753
196759
197814
197917
197918
197959
198040
198093
198143
198144
198190
198320
198346
198349
198387
198404
198430
198466
198665
198722
198732
198810
198883
198886
198945
199162
199201
199212
199237
199297
199382
199415
199432
199433
199549
199555
199599
199610
199628
199671
199700
199767
199814
199863
199874
199889
199926
200192
200322
200422
200462
200470
200664
200722
200723
200764
200769
200771
200780
200817
200870
200876
200910
200960
201059
201165
201178
201250
201281
201320
201321
201381
201421
201424
201428
201489
201506
201583
201631
201683
201688
201728
201855
201876
201916
201958
202043
202196
202203
202381
202462
202466
202474
202525
202544
202606
202683
202712
202728
202746
202773
202811
202820
202887
202956
202976
202979
203044
203117
203147
203184
203254
203265
203284
203313
203330
203407
203448
203499
203602
203627
203725
203771
203807
203836
203863
203970
203981
204001
204007
204027
204064
204095
204106
204110
204128
204167
204168
204278
204393
204460
204546
204663
204710
204757
204764
204775
204792
205821
205843
205877
205976
205985
206031
206099
206195
206405
206570
206872
206900
206931
207024
207054
207197
207237
207306
207365
207399
207438
207512
207595
207614
207641
207642
207668
207681
207716
207721
207757
207763
207764
207793
207845
207848
207875
207895
208038
208054
208071
208091
208194
208341
208386
208406
208484
208493
208568
208574
208604
208662
208792
208829
208886
208960
209039
209058
209110
209243
209465
209489
209532
209577
209603
209720
209812
209906
209925
209950
210113
210167
210187
210229
210261
210291
210340
210432
210464
210487
210489
210621
210706
210728
210816
210855
210903
210916
211165
211259
211379
211489
211507
211509
211535
211569
211637
211740
211785
211868
211936
211981
211982
212299
212306
212308
212316
212346
212364
212429
212454
212487
212550
212606
212653
212666
212679
212697
212706
212716
212741
212748
212830
212858
213011
213072
213165
213246
213267
214333
214353
214354
214361
214442
214517
214526
214551
214566
214629
214677
214727
214728
214767
214775
214835
214870
214883
214908
215102
215120
215165
215225
215411
215497
215520
215573
215664
215687
215738
215739
215800
215802
215862
215887
215950
216055
216135
216202
216215
216216
216241
216242
216296
216365
217450
217565
217598
217612
217672
217698
217711
217747
217792
217804
217805
217835
217839
217927
217947
217951
218027
218076
218160
218192
218207
218210
218270
218316
218353
218414
218484
218518
218548
218550
218604
218766
218803
218887
218914
218915
218942
218995
219076
219096
219109
219118
219132
219140
219196
219237
219267
219289
219344
219366
219391
219410
219432
219467
219522
219534
219590
219672
219715
219728
219740
219774
219807
219822
219855
219963
220032
220061
220062
220065
220101
220106
220117
220128
220134
220220
220246
220562
220586
220770
220796
220811
220858
220870
220895
220969
221003
221027
221046
221048
221086
221106
221130
221168
221177
221214
221253
221287
221340
221357
221431
221451
221498
221566
221584
221635
221762
221793
221847
221856
221887
221920
221921
221990
222053
222063
222099
222114
222127
222129
222154
222159
222444
222459
222478
222494
222504
222516
222538
222631
222713
222748
222755
222896
222959
223053
223168
223180
223206
223208
223215
223250
223270
223522
223584
223763
223810
223848
223888
223926
223938
224077
224113
224124
224143
224210
224231
224232
224252
224405
224410
224501
224519
224634
224674
224725
224757
224773
224924
225057
225081
225138
225160
225169
225172
225251
225391
225415
225455
225551
225571
225653
225820
225842
225870
225903
226019
226086
226093
226169
226233
226277
226328
226343
226427
226455
226469
226524
226579
226583
226651
226736
226854
226859
226871
226896
226944
227035
227084
227113
227124
227267
227402
227435
227548
227555
227608
227713
227799
227869
227889
228009
228210
228229
228287
228359
228445
228473
228497
228560
228578
228609
228624
228671
228706
228762
228804
228830
228900
228964
228990
229057
229078
229116
229132
229328
229344
229352
229359
229384
229403
229425
229514
229568
229612
229653
229714
229747
229833
229884
229959
229970
229989
230037
230082
230224
230276
230299
230315
230318
230366
230412
230426
230504
230527
230530
230565
230596
230651
230662
230790
230874
230887
230942
230996
231007
231036
231141
231144
231160
231360
231432
231492
231493
231501
231529
231636
231922
231964
232087
232257
232260
232356
232400
232584
232589
232777
232860
232898
232899
232930
233014
233015
233057
233105
233144
233207
233538
233658
233807
233833
234025
234051
234104
234108
234128
234245
234290
234322
234344
234489
234492
234523
234564
234569
234666
234755
234769
234777
234815
234835
234869
234901
234926
234946
235080
235267
235374
235430
235505
235526
235620
235647
235688
235758
235916
235937
235948
235949
236001
236003
236017
236151
236243
236266
236326
236380
236392
236395
236473
236483
236489
236538
236539
236563
236689
236772
236840
236913
236982
237020
237279
237311
237371
237374
237377
237386
237440
237462
237556
237665
237671
237736
237751
237761
237876
237907
238100
238153
238177
238245
238292
238379
238431
238468
238510
238525
238532
238629
238648
238668
238725
238788
238915
238978
239013
239073
239116
239134
239312
239341
239383
239493
239709
239723
239923
240014
240276
240346
240378
240407
240439
241495
241565
241579
241720
241727
241880
241888
241982
242024
242087
242110
242136
242158
242362
242365
242379
242448
242460
242559
242562
242577
242587
242608
242634
242680
242691
242756
242808
242835
243084
243147
243152
243160
243185
243241
243377
243425
243429
243514
243518
243557
243836
243876
243931
243974
244096
244214
244390
244430
244514
244520
244558
244562
244567
244586
244808
244871
244913
244976
245226
245308
245312
245437
245563
246827
246881
247034
247065
247090
247118
247280
247301
247304
247407
247553
247578
247614
247626
247755
247823
247832
247837
247845
247866
247868
247873
247898
248134
248167
248280
248306
248387
248624
248662
248897
249029
249069
249261
249368
249503
249549
249734
249833
249859
249924
250032
250046
250068
250263
250284
250336
250452
250484
250597
250609
250641
250668
250679
250826
250854
250928
250957
251042
251110
251161
251251
251318
251470
251473
251636
251713
251831
251835
251988
251996
252000
252073
252096
252206
252253
252337
252424
252605
252649
252671
252728
252849
252869
252885
252910
252963
253010
253030
253059
253119
253155
253176
253193
253313
253478
253661
253700
253703
253814
253980
254024
254119
254219
254237
254315
254440
254641
254669
254702
254793
254881
254955
254972
255046
255059
255098
255141
255176
255194
255239
255252
255275
255306
255446
255499
255503
255511
255574
255587
255722
255736
255758
255784
255810
255820
255872
255967
255990
256074
256128
256181
256268
256277
256342
256408
256435
256467
256469
256526
256576
256598
256610
256623
256630
256713
256745
256786
256901
256946
256954
257047
257067
257121
257181
257214
257257
257315
257344
257349
257470
257562
257628
257707
257709
257712
257798
257828
258105
258123
258159
258209
258310
258369
258395
258431
258448
258459
258525
258597
258914
259054
259106
259155
259285
259307
259374
259487
259490
259491
259627
259637
259640
259664
259698
259714
259834
259863
259875
259920
259951
260032
260042
260107
260146
260196
260411
260550
260638
260776
260820
260878
260939
260953
260982
261007
261021
261036
261037
261091
261150
261249
261412
261414
261482
261562
261659
261770
261857
261877
261934
261941
262003
262030
262124
262134
262153
262167
262168
262177
262184
262272
262349
262392
262578
262660
262706
262851
262863
263060
263265
263397
263482
263607
263650
263703
263719
263764
263863
263921
263989
264016
264042
264142
264162
264180
264380
264433
264438
264448
264460
264595
264648
264652
264753
264765
264805
264837
264896
265037
265299
265325
265371
265377
265389
265438
265473
265480
265493
265557
265560
265670
265728
265778
265887
265911
265919
265926
265941
266122
266250
266274
266292
266352
266365
266497
266541
266543
266646
266656
266738
266749
266849
266913
266934
267002
267005
267018
267045
267055
267095
267134
267175
267252
267355
267429
267442
267529
267576
267632
267654
267707
267887
267901
267936
268030
268069
268131
268222
268305
268325
268372
268494
268525
268539
268544
268614
268798
268811
268883
268947
268978
269002
269026
269052
269116
269239
269332
269480
269598
269707
269766
269786
269789
269803
269884
269893
269907
269932
269940
269966
270061
270094
270115
270164
270286
270313
270330
270336
270371
270386
270458
270526
270571
270597
270603
270624
270782
270802
270864
270875
270891
270919
271071
271286
271403
271405
271526
271536
271551
271603
271841
271846
271900
271932
271953
271968
272090
272102
272228
272303
272353
272362
272492
272692
272694
272715
272752
272787
272823
272858
272868
272897
273067
273107
273112
273197
273215
273250
273259
273291
273315
273381
273399
273427
273632
273635
273669
273678
273732
273745
273823
273834
273919
274985
275072
275084
275092
275158
275161
275169
275292
275452
275474
275475
275524
275548
275601
275633
275643
275658
275762
275785
275881
277001
277014
277052
277057
277067
277069
277070
277151
277329
277450
277526
277573
277655
277722
277819
277821
277991
278013
278067
278117
278130
278629
278641
278698
278786
278805
278807
278901
278922
278946
279127
279140
279150
279173
279317
279397
279401
279459
279471
279548
279558
279573
279656
279753
279779
279844
279870
279914
279969
280075
280097
280108
280143
280176
280251
280314
280316
280363
280368
280478
280521
280648
280678
280707
280753
280820
280849
280980
281075
281111
281124
281289
281295
281342
281377
281387
281481
281494
281590
281829
281911
282031
282075
282238
282259
282263
282292
282376
282547
282715
282728
282744
282780
282832
282846
282854
282989
283016
283032
283136
283142
283172
283272
283310
283331
283337
283362
283419
283467
283654
283716
283747
283753
283799
283802
283835
283868
284054
284107
284113
284194
284230
284262
284281
284292
284377
284432
284433
284577
284606
284725
284771
284807
284818
284823
284839
284855
284897
284921
284974
285107
285304
285494
285618
285746
285777
285795
285955
285966
286061
286106
286108
286164
286204
286327
286393
286512
286605
286626
286742
286792
286804
286874
286970
287011
287058
287109
287124
287194
287224
287400
287440
287465
287493
287608
287700
287788
287847
287869
287873
287947
287957
287979
288008
288052
288085
288097
288152
288155
288214
288246
288259
288410
288429
288723
288751
288789
288829
288840
288956
288980
289001
289031
289042
289082
289084
289089
289097
289187
289259
289303
289369
289414
289476
289523
289559
289560
289679
289711
289748
289781
289810
289935
289991
290063
290120
290196
290220
290225
290302
290459
290505
290522
290776
290808
290851
291093
291158
291215
291452
291836
291888
292040
292041
292044
292077
292350
292498
292508
292582
292708
292801
292833
292878
292893
292905
292945
292979
293026
293047
293245
293289
293312
293351
293382
293509
293536
293623
293828
293859
294024
294100
294119
294234
294236
294308
294351
294364
294433
294457
294458
294501
294684
294700
294791
294828
294835
294919
294953
295010
295019
295046
295085
295185
295191
295349
295383
295561
295676
295820
295832
295875
295976
296008
296045
296056
296070
296082
296088
296159
296162
296295
296555
296567
296638
296693
296771
296878
296939
297120
297155
297186
297281
297385
297437
297443
297483
297618
297705
297743
297797
297942
297950
298047
298239
298282
298402
298524
298533
298600
298610
298630
298735
298775
298807
298948
298950
299140
299169
299180
299438
299546
299572
299599
299699
299938
299951
300022
300046
300063
300108
300134
300350
300399
300404
300453
300466
300486
300526
300544
300570
300715
300768
300785
300885
300918
300961
301022
301148
301176
301206
301302
301385
301460
301476
301488
301512
301577
301628
301630
301645
301700
301844
301865
301868
301871
302007
302072
302170
302286
302390
302586
302631
302719
302728
302743
302790
302803
302865
302876
302897
302933
302979
303041
303149
303245
303321
303406
303501
303793
303861
303882
303970
304059
304234
304236
304282
304314
304355
304422
304434
304475
304486
304497
304526
304543
304557
304568
304908
304965
306058
306134
306204
306353
306363
306366
306394
306438
306472
306483
306516
306557
306633
306663
306833
306898
307047
307154
307159
307209
307222
307323
307387
307421
307434
307461
307482
307568
307610
307704
307840
307844
307880
307943
307947
307973
308030
308038
308048
308095
308178
308253
308270
308393
308430
308450
308536
308558
308631
308655
308691
308717
308819
308834
308856
309001
309019
309036
309037
309044
309228
309260
309265
309342
309403
309451
309515
309555
309577
309605
309747
309791
309907
309925
309964
310020
310061
310130
310165
310169
310178
310270
310315
310316
310384
310391
310526
310549
310575
310576
310735
310808
310821
311004
311028
311063
311180
311218
311429
311456
311535
311659
311674
311741
311862
311879
311887
311889
311892
311921
311959
312057
312108
312116
312130
312150
312177
312227
312286
312307
312314
312316
312400
312419
312439
312465
312533
312569
312618
312652
312656
312679
312708
312716
312759
312937
312983
313140
313146
313155
313170
313347
313374
313664
313808
313816
313961
313966
313967
313978
314189
314232
314378
314454
314466
314553
314560
314613
314913
314976
314981
315042
315156
315374
315381
315618
315697
315717
315816
315832
315843
315854
315955
316046
316195
316209
316262
316278
316367
316384
316505
316511
316649
316701
316875
316884
316898
316954
317100
317135
317152
317222
317241
317256
317376
317391
317519
317650
317704
318736
318754
318855
318901
318990
319058
319093
319287
319383
319461
319474
319580
319582
319620
319725
319805
319843
319955
320019
320176
320190
320337
320452
320646
320666
320698
320841
320933
320950
321108
321299
321348
321547
321574
321603
321640
321839
321916
321953
322020
322085
322148
322165
322181
322268
322362
322411
322551
322668
322691
322745
322772
322858
322894
323132
323136
323386
323487
323498
323539
323595
323610
323753
323889
323891
323934
324004
324031
324079
324108
324119
324154
324237
324373
324437
324455
324489
324557
324717
324808
324812
324826
324867
324894
325046
325186
325192
325195
325359
325397
325532
325566
325581
325582
325698
325793
325963
326017
326061
326156
326211
326334
326400
326414
326504
326596
326661
326759
326810
326860
326885
326907
326922
327037
327093
327124
327204
327318
327426
327514
327631
327650
327697
328138
328396
328445
328469
328495
329931
329980
330129
330351
330352
330587
330632
330638
330767
330854
330873
330950
330964
330977
331030
331139
331257
331350
331538
331580
331994
332001
332074
332112
332131
332160
332196
332305
332478
332494
332648
332762
332797
332852
333058
333170
333199
333548
334060
334095
334111
334366
334368
334485
334512
334726
334775
334860
334944
334953
335122
335253
335289
335304
335321
335347
335484
335736
335746
335803
335810
335856
335862
335889
336073
336078
336183
336191
336408
336439
336440
336472
336483
336511
336646
336669
336701
336754
336771
336860
336866
337036
337047
337265
337370
337419
337457
337518
337558
337614
337670
337939
337942
338096
338099
338404
338419
338550
338607
338638
339060
339116
339150
339334
339566
339580
339603
339634
339656
339742
339760
339922
340214
340267
341436
341695
341830
341845
341868
341870
342041
342347
342393
342527
342567
342590
342627
342632
342652
342680
342798
342855
343097
343132
343264
343311
343387
343479
343534
343632
343682
343701
343707
343958
344053
344095
344155
344167
344218
344219
344243
344245
344433
344604
344667
344686
344713
344775
344848
344949
344968
345045
345051
345067
345180
345239
345275
345313
345515
345559
345590
345631
345698
345801
345839
345915
346122
346198
346224
346264
346470
346490
346519
346612
346711
346765
346851
346903
347093
347106
347144
